1 1 1 1 1 0 
1 1 1 1 1 0 
1 1 1 1 1 0 
1 1 1 1 1 0 
1 1 1 1 1 0 
0 0 0 0 0 0 

1 1 1 1 1 2 
1 1 1 1 1 0 
1 1 1 1 1 0 
1 1 1 1 1 0 
1 1 1 1 1 0 
0 0 0 0 0 0 

1 1 1 1 1 2 
1 1 1 1 1 3 
1 1 1 1 1 0 
1 1 1 1 1 0 
1 1 1 1 1 0 
0 0 0 0 0 0 

1 1 1 1 1 2 
1 1 1 1 1 3 
1 1 1 1 1 4 
1 1 1 1 1 0 
1 1 1 1 1 0 
0 0 0 0 0 0 

1 1 1 1 1 2 
1 1 1 1 1 3 
1 1 1 1 1 4 
1 1 1 1 1 5 
1 1 1 1 1 0 
0 0 0 0 0 0 

1 1 1 1 1 2 
1 1 1 1 1 3 
1 1 1 1 1 4 
1 1 1 1 1 5 
1 1 1 1 1 6 
0 0 0 0 0 0 

1 1 1 1 1 2 
1 1 1 1 1 3 
1 1 1 1 1 4 
1 1 1 1 1 5 
1 1 1 1 1 6 
7 0 0 0 0 0 

1 1 1 1 1 2 
1 1 1 1 1 3 
1 1 1 1 1 4 
1 1 1 1 1 5 
1 1 1 1 1 6 
7 8 0 0 0 0 

1 1 1 1 1 2 
1 1 1 1 1 3 
1 1 1 1 1 4 
1 1 1 1 1 5 
1 1 1 1 1 6 
7 8 9 0 0 0 

1 1 1 1 1 2 
1 1 1 1 1 3 
1 1 1 1 1 4 
1 1 1 1 1 5 
1 1 1 1 1 6 
7 8 9 10 0 0 

1 1 1 1 1 2 
1 1 1 1 1 3 
1 1 1 1 1 4 
1 1 1 1 1 5 
1 1 1 1 1 6 
7 8 9 10 11 0 

1 1 1 1 1 2 
1 1 1 1 1 3 
1 1 1 1 1 4 
1 1 1 1 1 5 
1 1 1 1 1 6 
7 8 9 10 11 12 

1 1 1 1 1 2 
1 1 1 1 1 3 
1 1 1 1 1 4 
1 1 1 1 1 5 
1 1 1 1 1 6 
7 8 9 10 11 12 

1 1 1 1 1 2 
1 1 1 1 1 3 
1 1 1 1 1 4 
1 1 1 1 1 5 
1 1 1 1 1 6 
7 8 9 10 11 0 

1 1 1 1 1 2 
1 1 1 1 1 3 
1 1 1 1 1 4 
1 1 1 1 1 5 
1 1 1 1 1 6 
7 8 9 10 0 0 

1 1 1 1 1 2 
1 1 1 1 1 3 
1 1 1 1 1 4 
1 1 1 1 1 5 
1 1 1 1 1 6 
7 8 9 0 0 0 

1 1 1 1 1 2 
1 1 1 1 1 3 
1 1 1 1 1 4 
1 1 1 1 1 5 
1 1 1 1 1 6 
7 8 0 0 0 0 

1 1 1 1 1 2 
1 1 1 1 1 3 
1 1 1 1 1 4 
1 1 1 1 1 5 
1 1 1 1 1 6 
7 0 0 0 0 0 

1 1 1 1 1 2 
1 1 1 1 1 3 
1 1 1 1 1 4 
1 1 1 1 1 5 
1 1 1 1 1 6 
0 0 0 0 0 0 

1 1 1 1 1 2 
1 1 1 1 1 3 
1 1 1 1 1 4 
1 1 1 1 1 5 
1 1 1 1 1 0 
0 0 0 0 0 0 

1 1 1 1 1 2 
1 1 1 1 1 3 
1 1 1 1 1 4 
1 1 1 1 1 0 
1 1 1 1 1 0 
0 0 0 0 0 0 

1 1 1 1 1 2 
1 1 1 1 1 3 
1 1 1 1 1 0 
1 1 1 1 1 0 
1 1 1 1 1 0 
0 0 0 0 0 0 

1 1 1 1 1 2 
1 1 1 1 1 0 
1 1 1 1 1 0 
1 1 1 1 1 0 
1 1 1 1 1 0 
0 0 0 0 0 0 

1 1 1 1 1 0 
1 1 1 1 1 0 
1 1 1 1 1 0 
1 1 1 1 1 0 
1 1 1 1 1 0 
0 0 0 0 0 0 

1 1 1 1 0 0 
1 1 1 1 0 0 
1 1 1 1 0 0 
1 1 1 1 0 0 
0 0 0 0 0 0 
0 0 0 0 0 0 

1 1 1 1 2 2 
1 1 1 1 2 2 
1 1 1 1 0 0 
1 1 1 1 0 0 
0 0 0 0 0 0 
0 0 0 0 0 0 

1 1 1 1 2 2 
1 1 1 1 2 2 
1 1 1 1 3 3 
1 1 1 1 3 3 
0 0 0 0 0 0 
0 0 0 0 0 0 

1 1 1 1 2 2 
1 1 1 1 2 2 
1 1 1 1 3 3 
1 1 1 1 3 3 
4 4 0 0 0 0 
4 4 0 0 0 0 

1 1 1 1 2 2 
1 1 1 1 2 2 
1 1 1 1 3 3 
1 1 1 1 3 3 
4 4 5 5 0 0 
4 4 5 5 0 0 

1 1 1 1 2 2 
1 1 1 1 2 2 
1 1 1 1 3 3 
1 1 1 1 3 3 
4 4 5 5 6 6 
4 4 5 5 6 6 

1 1 1 1 2 2 
1 1 1 1 2 2 
1 1 1 1 3 3 
1 1 1 1 3 3 
4 4 5 5 6 6 
4 4 5 5 6 6 

1 1 1 1 2 2 
1 1 1 1 2 2 
1 1 1 1 3 3 
1 1 1 1 3 3 
4 4 5 5 6 0 
4 4 5 5 0 0 

1 1 1 1 2 2 
1 1 1 1 2 2 
1 1 1 1 3 3 
1 1 1 1 3 3 
4 4 5 5 6 7 
4 4 5 5 0 0 

1 1 1 1 2 2 
1 1 1 1 2 2 
1 1 1 1 3 3 
1 1 1 1 3 3 
4 4 5 5 6 7 
4 4 5 5 8 0 

1 1 1 1 2 2 
1 1 1 1 2 2 
1 1 1 1 3 3 
1 1 1 1 3 3 
4 4 5 5 6 7 
4 4 5 5 8 9 

1 1 1 1 2 2 
1 1 1 1 2 2 
1 1 1 1 3 3 
1 1 1 1 3 3 
4 4 5 5 6 7 
4 4 5 5 8 9 

1 1 1 1 2 2 
1 1 1 1 2 2 
1 1 1 1 3 3 
1 1 1 1 3 3 
4 4 5 5 6 7 
4 4 5 5 8 0 

1 1 1 1 2 2 
1 1 1 1 2 2 
1 1 1 1 3 3 
1 1 1 1 3 3 
4 4 5 5 6 7 
4 4 5 5 0 0 

1 1 1 1 2 2 
1 1 1 1 2 2 
1 1 1 1 3 3 
1 1 1 1 3 3 
4 4 5 5 6 0 
4 4 5 5 0 0 

1 1 1 1 2 2 
1 1 1 1 2 2 
1 1 1 1 3 3 
1 1 1 1 3 3 
4 4 5 5 0 0 
4 4 5 5 0 0 

1 1 1 1 2 2 
1 1 1 1 2 2 
1 1 1 1 3 3 
1 1 1 1 3 3 
4 4 5 0 0 0 
4 4 0 0 0 0 

1 1 1 1 2 2 
1 1 1 1 2 2 
1 1 1 1 3 3 
1 1 1 1 3 3 
4 4 5 6 6 0 
4 4 0 6 6 0 

1 1 1 1 2 2 
1 1 1 1 2 2 
1 1 1 1 3 3 
1 1 1 1 3 3 
4 4 5 6 6 7 
4 4 0 6 6 0 

1 1 1 1 2 2 
1 1 1 1 2 2 
1 1 1 1 3 3 
1 1 1 1 3 3 
4 4 5 6 6 7 
4 4 8 6 6 0 

1 1 1 1 2 2 
1 1 1 1 2 2 
1 1 1 1 3 3 
1 1 1 1 3 3 
4 4 5 6 6 7 
4 4 8 6 6 9 

1 1 1 1 2 2 
1 1 1 1 2 2 
1 1 1 1 3 3 
1 1 1 1 3 3 
4 4 5 6 6 7 
4 4 8 6 6 9 

1 1 1 1 2 2 
1 1 1 1 2 2 
1 1 1 1 3 3 
1 1 1 1 3 3 
4 4 5 6 6 7 
4 4 8 6 6 0 

1 1 1 1 2 2 
1 1 1 1 2 2 
1 1 1 1 3 3 
1 1 1 1 3 3 
4 4 5 6 6 7 
4 4 0 6 6 0 

1 1 1 1 2 2 
1 1 1 1 2 2 
1 1 1 1 3 3 
1 1 1 1 3 3 
4 4 5 6 6 0 
4 4 0 6 6 0 

1 1 1 1 2 2 
1 1 1 1 2 2 
1 1 1 1 3 3 
1 1 1 1 3 3 
4 4 5 6 0 0 
4 4 0 0 0 0 

1 1 1 1 2 2 
1 1 1 1 2 2 
1 1 1 1 3 3 
1 1 1 1 3 3 
4 4 5 6 7 7 
4 4 0 0 7 7 

1 1 1 1 2 2 
1 1 1 1 2 2 
1 1 1 1 3 3 
1 1 1 1 3 3 
4 4 5 6 7 7 
4 4 8 0 7 7 

1 1 1 1 2 2 
1 1 1 1 2 2 
1 1 1 1 3 3 
1 1 1 1 3 3 
4 4 5 6 7 7 
4 4 8 9 7 7 

1 1 1 1 2 2 
1 1 1 1 2 2 
1 1 1 1 3 3 
1 1 1 1 3 3 
4 4 5 6 7 7 
4 4 8 9 7 7 

1 1 1 1 2 2 
1 1 1 1 2 2 
1 1 1 1 3 3 
1 1 1 1 3 3 
4 4 5 6 7 7 
4 4 8 0 7 7 

1 1 1 1 2 2 
1 1 1 1 2 2 
1 1 1 1 3 3 
1 1 1 1 3 3 
4 4 5 6 7 7 
4 4 0 0 7 7 

1 1 1 1 2 2 
1 1 1 1 2 2 
1 1 1 1 3 3 
1 1 1 1 3 3 
4 4 5 6 7 0 
4 4 0 0 0 0 

1 1 1 1 2 2 
1 1 1 1 2 2 
1 1 1 1 3 3 
1 1 1 1 3 3 
4 4 5 6 7 8 
4 4 0 0 0 0 

1 1 1 1 2 2 
1 1 1 1 2 2 
1 1 1 1 3 3 
1 1 1 1 3 3 
4 4 5 6 7 8 
4 4 9 0 0 0 

1 1 1 1 2 2 
1 1 1 1 2 2 
1 1 1 1 3 3 
1 1 1 1 3 3 
4 4 5 6 7 8 
4 4 9 10 0 0 

1 1 1 1 2 2 
1 1 1 1 2 2 
1 1 1 1 3 3 
1 1 1 1 3 3 
4 4 5 6 7 8 
4 4 9 10 11 0 

1 1 1 1 2 2 
1 1 1 1 2 2 
1 1 1 1 3 3 
1 1 1 1 3 3 
4 4 5 6 7 8 
4 4 9 10 11 12 

1 1 1 1 2 2 
1 1 1 1 2 2 
1 1 1 1 3 3 
1 1 1 1 3 3 
4 4 5 6 7 8 
4 4 9 10 11 12 

1 1 1 1 2 2 
1 1 1 1 2 2 
1 1 1 1 3 3 
1 1 1 1 3 3 
4 4 5 6 7 8 
4 4 9 10 11 0 

1 1 1 1 2 2 
1 1 1 1 2 2 
1 1 1 1 3 3 
1 1 1 1 3 3 
4 4 5 6 7 8 
4 4 9 10 0 0 

1 1 1 1 2 2 
1 1 1 1 2 2 
1 1 1 1 3 3 
1 1 1 1 3 3 
4 4 5 6 7 8 
4 4 9 0 0 0 

1 1 1 1 2 2 
1 1 1 1 2 2 
1 1 1 1 3 3 
1 1 1 1 3 3 
4 4 5 6 7 8 
4 4 0 0 0 0 

1 1 1 1 2 2 
1 1 1 1 2 2 
1 1 1 1 3 3 
1 1 1 1 3 3 
4 4 5 6 7 0 
4 4 0 0 0 0 

1 1 1 1 2 2 
1 1 1 1 2 2 
1 1 1 1 3 3 
1 1 1 1 3 3 
4 4 5 6 0 0 
4 4 0 0 0 0 

1 1 1 1 2 2 
1 1 1 1 2 2 
1 1 1 1 3 3 
1 1 1 1 3 3 
4 4 5 0 0 0 
4 4 0 0 0 0 

1 1 1 1 2 2 
1 1 1 1 2 2 
1 1 1 1 3 3 
1 1 1 1 3 3 
4 4 0 0 0 0 
4 4 0 0 0 0 

1 1 1 1 2 2 
1 1 1 1 2 2 
1 1 1 1 3 3 
1 1 1 1 3 3 
4 0 0 0 0 0 
0 0 0 0 0 0 

1 1 1 1 2 2 
1 1 1 1 2 2 
1 1 1 1 3 3 
1 1 1 1 3 3 
4 5 5 0 0 0 
0 5 5 0 0 0 

1 1 1 1 2 2 
1 1 1 1 2 2 
1 1 1 1 3 3 
1 1 1 1 3 3 
4 5 5 6 6 0 
0 5 5 6 6 0 

1 1 1 1 2 2 
1 1 1 1 2 2 
1 1 1 1 3 3 
1 1 1 1 3 3 
4 5 5 6 6 7 
0 5 5 6 6 0 

1 1 1 1 2 2 
1 1 1 1 2 2 
1 1 1 1 3 3 
1 1 1 1 3 3 
4 5 5 6 6 7 
8 5 5 6 6 0 

1 1 1 1 2 2 
1 1 1 1 2 2 
1 1 1 1 3 3 
1 1 1 1 3 3 
4 5 5 6 6 7 
8 5 5 6 6 9 

1 1 1 1 2 2 
1 1 1 1 2 2 
1 1 1 1 3 3 
1 1 1 1 3 3 
4 5 5 6 6 7 
8 5 5 6 6 9 

1 1 1 1 2 2 
1 1 1 1 2 2 
1 1 1 1 3 3 
1 1 1 1 3 3 
4 5 5 6 6 7 
8 5 5 6 6 0 

1 1 1 1 2 2 
1 1 1 1 2 2 
1 1 1 1 3 3 
1 1 1 1 3 3 
4 5 5 6 6 7 
0 5 5 6 6 0 

1 1 1 1 2 2 
1 1 1 1 2 2 
1 1 1 1 3 3 
1 1 1 1 3 3 
4 5 5 6 6 0 
0 5 5 6 6 0 

1 1 1 1 2 2 
1 1 1 1 2 2 
1 1 1 1 3 3 
1 1 1 1 3 3 
4 5 5 6 0 0 
0 5 5 0 0 0 

1 1 1 1 2 2 
1 1 1 1 2 2 
1 1 1 1 3 3 
1 1 1 1 3 3 
4 5 5 6 7 7 
0 5 5 0 7 7 

1 1 1 1 2 2 
1 1 1 1 2 2 
1 1 1 1 3 3 
1 1 1 1 3 3 
4 5 5 6 7 7 
8 5 5 0 7 7 

1 1 1 1 2 2 
1 1 1 1 2 2 
1 1 1 1 3 3 
1 1 1 1 3 3 
4 5 5 6 7 7 
8 5 5 9 7 7 

1 1 1 1 2 2 
1 1 1 1 2 2 
1 1 1 1 3 3 
1 1 1 1 3 3 
4 5 5 6 7 7 
8 5 5 9 7 7 

1 1 1 1 2 2 
1 1 1 1 2 2 
1 1 1 1 3 3 
1 1 1 1 3 3 
4 5 5 6 7 7 
8 5 5 0 7 7 

1 1 1 1 2 2 
1 1 1 1 2 2 
1 1 1 1 3 3 
1 1 1 1 3 3 
4 5 5 6 7 7 
0 5 5 0 7 7 

1 1 1 1 2 2 
1 1 1 1 2 2 
1 1 1 1 3 3 
1 1 1 1 3 3 
4 5 5 6 7 0 
0 5 5 0 0 0 

1 1 1 1 2 2 
1 1 1 1 2 2 
1 1 1 1 3 3 
1 1 1 1 3 3 
4 5 5 6 7 8 
0 5 5 0 0 0 

1 1 1 1 2 2 
1 1 1 1 2 2 
1 1 1 1 3 3 
1 1 1 1 3 3 
4 5 5 6 7 8 
9 5 5 0 0 0 

1 1 1 1 2 2 
1 1 1 1 2 2 
1 1 1 1 3 3 
1 1 1 1 3 3 
4 5 5 6 7 8 
9 5 5 10 0 0 

1 1 1 1 2 2 
1 1 1 1 2 2 
1 1 1 1 3 3 
1 1 1 1 3 3 
4 5 5 6 7 8 
9 5 5 10 11 0 

1 1 1 1 2 2 
1 1 1 1 2 2 
1 1 1 1 3 3 
1 1 1 1 3 3 
4 5 5 6 7 8 
9 5 5 10 11 12 

1 1 1 1 2 2 
1 1 1 1 2 2 
1 1 1 1 3 3 
1 1 1 1 3 3 
4 5 5 6 7 8 
9 5 5 10 11 12 

1 1 1 1 2 2 
1 1 1 1 2 2 
1 1 1 1 3 3 
1 1 1 1 3 3 
4 5 5 6 7 8 
9 5 5 10 11 0 

1 1 1 1 2 2 
1 1 1 1 2 2 
1 1 1 1 3 3 
1 1 1 1 3 3 
4 5 5 6 7 8 
9 5 5 10 0 0 

1 1 1 1 2 2 
1 1 1 1 2 2 
1 1 1 1 3 3 
1 1 1 1 3 3 
4 5 5 6 7 8 
9 5 5 0 0 0 

1 1 1 1 2 2 
1 1 1 1 2 2 
1 1 1 1 3 3 
1 1 1 1 3 3 
4 5 5 6 7 8 
0 5 5 0 0 0 

1 1 1 1 2 2 
1 1 1 1 2 2 
1 1 1 1 3 3 
1 1 1 1 3 3 
4 5 5 6 7 0 
0 5 5 0 0 0 

1 1 1 1 2 2 
1 1 1 1 2 2 
1 1 1 1 3 3 
1 1 1 1 3 3 
4 5 5 6 0 0 
0 5 5 0 0 0 

1 1 1 1 2 2 
1 1 1 1 2 2 
1 1 1 1 3 3 
1 1 1 1 3 3 
4 5 5 0 0 0 
0 5 5 0 0 0 

1 1 1 1 2 2 
1 1 1 1 2 2 
1 1 1 1 3 3 
1 1 1 1 3 3 
4 5 0 0 0 0 
0 0 0 0 0 0 

1 1 1 1 2 2 
1 1 1 1 2 2 
1 1 1 1 3 3 
1 1 1 1 3 3 
4 5 6 6 0 0 
0 0 6 6 0 0 

1 1 1 1 2 2 
1 1 1 1 2 2 
1 1 1 1 3 3 
1 1 1 1 3 3 
4 5 6 6 7 7 
0 0 6 6 7 7 

1 1 1 1 2 2 
1 1 1 1 2 2 
1 1 1 1 3 3 
1 1 1 1 3 3 
4 5 6 6 7 7 
8 0 6 6 7 7 

1 1 1 1 2 2 
1 1 1 1 2 2 
1 1 1 1 3 3 
1 1 1 1 3 3 
4 5 6 6 7 7 
8 9 6 6 7 7 

1 1 1 1 2 2 
1 1 1 1 2 2 
1 1 1 1 3 3 
1 1 1 1 3 3 
4 5 6 6 7 7 
8 9 6 6 7 7 

1 1 1 1 2 2 
1 1 1 1 2 2 
1 1 1 1 3 3 
1 1 1 1 3 3 
4 5 6 6 7 7 
8 0 6 6 7 7 

1 1 1 1 2 2 
1 1 1 1 2 2 
1 1 1 1 3 3 
1 1 1 1 3 3 
4 5 6 6 7 7 
0 0 6 6 7 7 

1 1 1 1 2 2 
1 1 1 1 2 2 
1 1 1 1 3 3 
1 1 1 1 3 3 
4 5 6 6 7 0 
0 0 6 6 0 0 

1 1 1 1 2 2 
1 1 1 1 2 2 
1 1 1 1 3 3 
1 1 1 1 3 3 
4 5 6 6 7 8 
0 0 6 6 0 0 

1 1 1 1 2 2 
1 1 1 1 2 2 
1 1 1 1 3 3 
1 1 1 1 3 3 
4 5 6 6 7 8 
9 0 6 6 0 0 

1 1 1 1 2 2 
1 1 1 1 2 2 
1 1 1 1 3 3 
1 1 1 1 3 3 
4 5 6 6 7 8 
9 10 6 6 0 0 

1 1 1 1 2 2 
1 1 1 1 2 2 
1 1 1 1 3 3 
1 1 1 1 3 3 
4 5 6 6 7 8 
9 10 6 6 11 0 

1 1 1 1 2 2 
1 1 1 1 2 2 
1 1 1 1 3 3 
1 1 1 1 3 3 
4 5 6 6 7 8 
9 10 6 6 11 12 

1 1 1 1 2 2 
1 1 1 1 2 2 
1 1 1 1 3 3 
1 1 1 1 3 3 
4 5 6 6 7 8 
9 10 6 6 11 12 

1 1 1 1 2 2 
1 1 1 1 2 2 
1 1 1 1 3 3 
1 1 1 1 3 3 
4 5 6 6 7 8 
9 10 6 6 11 0 

1 1 1 1 2 2 
1 1 1 1 2 2 
1 1 1 1 3 3 
1 1 1 1 3 3 
4 5 6 6 7 8 
9 10 6 6 0 0 

1 1 1 1 2 2 
1 1 1 1 2 2 
1 1 1 1 3 3 
1 1 1 1 3 3 
4 5 6 6 7 8 
9 0 6 6 0 0 

1 1 1 1 2 2 
1 1 1 1 2 2 
1 1 1 1 3 3 
1 1 1 1 3 3 
4 5 6 6 7 8 
0 0 6 6 0 0 

1 1 1 1 2 2 
1 1 1 1 2 2 
1 1 1 1 3 3 
1 1 1 1 3 3 
4 5 6 6 7 0 
0 0 6 6 0 0 

1 1 1 1 2 2 
1 1 1 1 2 2 
1 1 1 1 3 3 
1 1 1 1 3 3 
4 5 6 6 0 0 
0 0 6 6 0 0 

1 1 1 1 2 2 
1 1 1 1 2 2 
1 1 1 1 3 3 
1 1 1 1 3 3 
4 5 6 0 0 0 
0 0 0 0 0 0 

1 1 1 1 2 2 
1 1 1 1 2 2 
1 1 1 1 3 3 
1 1 1 1 3 3 
4 5 6 7 7 0 
0 0 0 7 7 0 

1 1 1 1 2 2 
1 1 1 1 2 2 
1 1 1 1 3 3 
1 1 1 1 3 3 
4 5 6 7 7 8 
0 0 0 7 7 0 

1 1 1 1 2 2 
1 1 1 1 2 2 
1 1 1 1 3 3 
1 1 1 1 3 3 
4 5 6 7 7 8 
9 0 0 7 7 0 

1 1 1 1 2 2 
1 1 1 1 2 2 
1 1 1 1 3 3 
1 1 1 1 3 3 
4 5 6 7 7 8 
9 10 0 7 7 0 

1 1 1 1 2 2 
1 1 1 1 2 2 
1 1 1 1 3 3 
1 1 1 1 3 3 
4 5 6 7 7 8 
9 10 11 7 7 0 

1 1 1 1 2 2 
1 1 1 1 2 2 
1 1 1 1 3 3 
1 1 1 1 3 3 
4 5 6 7 7 8 
9 10 11 7 7 12 

1 1 1 1 2 2 
1 1 1 1 2 2 
1 1 1 1 3 3 
1 1 1 1 3 3 
4 5 6 7 7 8 
9 10 11 7 7 12 

1 1 1 1 2 2 
1 1 1 1 2 2 
1 1 1 1 3 3 
1 1 1 1 3 3 
4 5 6 7 7 8 
9 10 11 7 7 0 

1 1 1 1 2 2 
1 1 1 1 2 2 
1 1 1 1 3 3 
1 1 1 1 3 3 
4 5 6 7 7 8 
9 10 0 7 7 0 

1 1 1 1 2 2 
1 1 1 1 2 2 
1 1 1 1 3 3 
1 1 1 1 3 3 
4 5 6 7 7 8 
9 0 0 7 7 0 

1 1 1 1 2 2 
1 1 1 1 2 2 
1 1 1 1 3 3 
1 1 1 1 3 3 
4 5 6 7 7 8 
0 0 0 7 7 0 

1 1 1 1 2 2 
1 1 1 1 2 2 
1 1 1 1 3 3 
1 1 1 1 3 3 
4 5 6 7 7 0 
0 0 0 7 7 0 

1 1 1 1 2 2 
1 1 1 1 2 2 
1 1 1 1 3 3 
1 1 1 1 3 3 
4 5 6 7 0 0 
0 0 0 0 0 0 

1 1 1 1 2 2 
1 1 1 1 2 2 
1 1 1 1 3 3 
1 1 1 1 3 3 
4 5 6 7 8 8 
0 0 0 0 8 8 

1 1 1 1 2 2 
1 1 1 1 2 2 
1 1 1 1 3 3 
1 1 1 1 3 3 
4 5 6 7 8 8 
9 0 0 0 8 8 

1 1 1 1 2 2 
1 1 1 1 2 2 
1 1 1 1 3 3 
1 1 1 1 3 3 
4 5 6 7 8 8 
9 10 0 0 8 8 

1 1 1 1 2 2 
1 1 1 1 2 2 
1 1 1 1 3 3 
1 1 1 1 3 3 
4 5 6 7 8 8 
9 10 11 0 8 8 

1 1 1 1 2 2 
1 1 1 1 2 2 
1 1 1 1 3 3 
1 1 1 1 3 3 
4 5 6 7 8 8 
9 10 11 12 8 8 

1 1 1 1 2 2 
1 1 1 1 2 2 
1 1 1 1 3 3 
1 1 1 1 3 3 
4 5 6 7 8 8 
9 10 11 12 8 8 

1 1 1 1 2 2 
1 1 1 1 2 2 
1 1 1 1 3 3 
1 1 1 1 3 3 
4 5 6 7 8 8 
9 10 11 0 8 8 

1 1 1 1 2 2 
1 1 1 1 2 2 
1 1 1 1 3 3 
1 1 1 1 3 3 
4 5 6 7 8 8 
9 10 0 0 8 8 

1 1 1 1 2 2 
1 1 1 1 2 2 
1 1 1 1 3 3 
1 1 1 1 3 3 
4 5 6 7 8 8 
9 0 0 0 8 8 

1 1 1 1 2 2 
1 1 1 1 2 2 
1 1 1 1 3 3 
1 1 1 1 3 3 
4 5 6 7 8 8 
0 0 0 0 8 8 

1 1 1 1 2 2 
1 1 1 1 2 2 
1 1 1 1 3 3 
1 1 1 1 3 3 
4 5 6 7 8 0 
0 0 0 0 0 0 

1 1 1 1 2 2 
1 1 1 1 2 2 
1 1 1 1 3 3 
1 1 1 1 3 3 
4 5 6 7 8 9 
0 0 0 0 0 0 

1 1 1 1 2 2 
1 1 1 1 2 2 
1 1 1 1 3 3 
1 1 1 1 3 3 
4 5 6 7 8 9 
10 0 0 0 0 0 

1 1 1 1 2 2 
1 1 1 1 2 2 
1 1 1 1 3 3 
1 1 1 1 3 3 
4 5 6 7 8 9 
10 11 0 0 0 0 

1 1 1 1 2 2 
1 1 1 1 2 2 
1 1 1 1 3 3 
1 1 1 1 3 3 
4 5 6 7 8 9 
10 11 12 0 0 0 

1 1 1 1 2 2 
1 1 1 1 2 2 
1 1 1 1 3 3 
1 1 1 1 3 3 
4 5 6 7 8 9 
10 11 12 13 0 0 

1 1 1 1 2 2 
1 1 1 1 2 2 
1 1 1 1 3 3 
1 1 1 1 3 3 
4 5 6 7 8 9 
10 11 12 13 14 0 

1 1 1 1 2 2 
1 1 1 1 2 2 
1 1 1 1 3 3 
1 1 1 1 3 3 
4 5 6 7 8 9 
10 11 12 13 14 15 

1 1 1 1 2 2 
1 1 1 1 2 2 
1 1 1 1 3 3 
1 1 1 1 3 3 
4 5 6 7 8 9 
10 11 12 13 14 15 

1 1 1 1 2 2 
1 1 1 1 2 2 
1 1 1 1 3 3 
1 1 1 1 3 3 
4 5 6 7 8 9 
10 11 12 13 14 0 

1 1 1 1 2 2 
1 1 1 1 2 2 
1 1 1 1 3 3 
1 1 1 1 3 3 
4 5 6 7 8 9 
10 11 12 13 0 0 

1 1 1 1 2 2 
1 1 1 1 2 2 
1 1 1 1 3 3 
1 1 1 1 3 3 
4 5 6 7 8 9 
10 11 12 0 0 0 

1 1 1 1 2 2 
1 1 1 1 2 2 
1 1 1 1 3 3 
1 1 1 1 3 3 
4 5 6 7 8 9 
10 11 0 0 0 0 

1 1 1 1 2 2 
1 1 1 1 2 2 
1 1 1 1 3 3 
1 1 1 1 3 3 
4 5 6 7 8 9 
10 0 0 0 0 0 

1 1 1 1 2 2 
1 1 1 1 2 2 
1 1 1 1 3 3 
1 1 1 1 3 3 
4 5 6 7 8 9 
0 0 0 0 0 0 

1 1 1 1 2 2 
1 1 1 1 2 2 
1 1 1 1 3 3 
1 1 1 1 3 3 
4 5 6 7 8 0 
0 0 0 0 0 0 

1 1 1 1 2 2 
1 1 1 1 2 2 
1 1 1 1 3 3 
1 1 1 1 3 3 
4 5 6 7 0 0 
0 0 0 0 0 0 

1 1 1 1 2 2 
1 1 1 1 2 2 
1 1 1 1 3 3 
1 1 1 1 3 3 
4 5 6 0 0 0 
0 0 0 0 0 0 

1 1 1 1 2 2 
1 1 1 1 2 2 
1 1 1 1 3 3 
1 1 1 1 3 3 
4 5 0 0 0 0 
0 0 0 0 0 0 

1 1 1 1 2 2 
1 1 1 1 2 2 
1 1 1 1 3 3 
1 1 1 1 3 3 
4 0 0 0 0 0 
0 0 0 0 0 0 

1 1 1 1 2 2 
1 1 1 1 2 2 
1 1 1 1 3 3 
1 1 1 1 3 3 
0 0 0 0 0 0 
0 0 0 0 0 0 

1 1 1 1 2 2 
1 1 1 1 2 2 
1 1 1 1 3 0 
1 1 1 1 0 0 
0 0 0 0 0 0 
0 0 0 0 0 0 

1 1 1 1 2 2 
1 1 1 1 2 2 
1 1 1 1 3 4 
1 1 1 1 0 0 
0 0 0 0 0 0 
0 0 0 0 0 0 

1 1 1 1 2 2 
1 1 1 1 2 2 
1 1 1 1 3 4 
1 1 1 1 5 5 
0 0 0 0 5 5 
0 0 0 0 0 0 

1 1 1 1 2 2 
1 1 1 1 2 2 
1 1 1 1 3 4 
1 1 1 1 5 5 
6 6 0 0 5 5 
6 6 0 0 0 0 

1 1 1 1 2 2 
1 1 1 1 2 2 
1 1 1 1 3 4 
1 1 1 1 5 5 
6 6 7 7 5 5 
6 6 7 7 0 0 

1 1 1 1 2 2 
1 1 1 1 2 2 
1 1 1 1 3 4 
1 1 1 1 5 5 
6 6 7 7 5 5 
6 6 7 7 8 0 

1 1 1 1 2 2 
1 1 1 1 2 2 
1 1 1 1 3 4 
1 1 1 1 5 5 
6 6 7 7 5 5 
6 6 7 7 8 9 

1 1 1 1 2 2 
1 1 1 1 2 2 
1 1 1 1 3 4 
1 1 1 1 5 5 
6 6 7 7 5 5 
6 6 7 7 8 9 

1 1 1 1 2 2 
1 1 1 1 2 2 
1 1 1 1 3 4 
1 1 1 1 5 5 
6 6 7 7 5 5 
6 6 7 7 8 0 

1 1 1 1 2 2 
1 1 1 1 2 2 
1 1 1 1 3 4 
1 1 1 1 5 5 
6 6 7 7 5 5 
6 6 7 7 0 0 

1 1 1 1 2 2 
1 1 1 1 2 2 
1 1 1 1 3 4 
1 1 1 1 5 5 
6 6 7 0 5 5 
6 6 0 0 0 0 

1 1 1 1 2 2 
1 1 1 1 2 2 
1 1 1 1 3 4 
1 1 1 1 5 5 
6 6 7 8 5 5 
6 6 0 0 0 0 

1 1 1 1 2 2 
1 1 1 1 2 2 
1 1 1 1 3 4 
1 1 1 1 5 5 
6 6 7 8 5 5 
6 6 9 0 0 0 

1 1 1 1 2 2 
1 1 1 1 2 2 
1 1 1 1 3 4 
1 1 1 1 5 5 
6 6 7 8 5 5 
6 6 9 10 0 0 

1 1 1 1 2 2 
1 1 1 1 2 2 
1 1 1 1 3 4 
1 1 1 1 5 5 
6 6 7 8 5 5 
6 6 9 10 11 0 

1 1 1 1 2 2 
1 1 1 1 2 2 
1 1 1 1 3 4 
1 1 1 1 5 5 
6 6 7 8 5 5 
6 6 9 10 11 12 

1 1 1 1 2 2 
1 1 1 1 2 2 
1 1 1 1 3 4 
1 1 1 1 5 5 
6 6 7 8 5 5 
6 6 9 10 11 12 

1 1 1 1 2 2 
1 1 1 1 2 2 
1 1 1 1 3 4 
1 1 1 1 5 5 
6 6 7 8 5 5 
6 6 9 10 11 0 

1 1 1 1 2 2 
1 1 1 1 2 2 
1 1 1 1 3 4 
1 1 1 1 5 5 
6 6 7 8 5 5 
6 6 9 10 0 0 

1 1 1 1 2 2 
1 1 1 1 2 2 
1 1 1 1 3 4 
1 1 1 1 5 5 
6 6 7 8 5 5 
6 6 9 0 0 0 

1 1 1 1 2 2 
1 1 1 1 2 2 
1 1 1 1 3 4 
1 1 1 1 5 5 
6 6 7 8 5 5 
6 6 0 0 0 0 

1 1 1 1 2 2 
1 1 1 1 2 2 
1 1 1 1 3 4 
1 1 1 1 5 5 
6 6 7 0 5 5 
6 6 0 0 0 0 

1 1 1 1 2 2 
1 1 1 1 2 2 
1 1 1 1 3 4 
1 1 1 1 5 5 
6 6 0 0 5 5 
6 6 0 0 0 0 

1 1 1 1 2 2 
1 1 1 1 2 2 
1 1 1 1 3 4 
1 1 1 1 5 5 
6 0 0 0 5 5 
0 0 0 0 0 0 

1 1 1 1 2 2 
1 1 1 1 2 2 
1 1 1 1 3 4 
1 1 1 1 5 5 
6 7 7 0 5 5 
0 7 7 0 0 0 

1 1 1 1 2 2 
1 1 1 1 2 2 
1 1 1 1 3 4 
1 1 1 1 5 5 
6 7 7 8 5 5 
0 7 7 0 0 0 

1 1 1 1 2 2 
1 1 1 1 2 2 
1 1 1 1 3 4 
1 1 1 1 5 5 
6 7 7 8 5 5 
9 7 7 0 0 0 

1 1 1 1 2 2 
1 1 1 1 2 2 
1 1 1 1 3 4 
1 1 1 1 5 5 
6 7 7 8 5 5 
9 7 7 10 0 0 

1 1 1 1 2 2 
1 1 1 1 2 2 
1 1 1 1 3 4 
1 1 1 1 5 5 
6 7 7 8 5 5 
9 7 7 10 11 0 

1 1 1 1 2 2 
1 1 1 1 2 2 
1 1 1 1 3 4 
1 1 1 1 5 5 
6 7 7 8 5 5 
9 7 7 10 11 12 

1 1 1 1 2 2 
1 1 1 1 2 2 
1 1 1 1 3 4 
1 1 1 1 5 5 
6 7 7 8 5 5 
9 7 7 10 11 12 

1 1 1 1 2 2 
1 1 1 1 2 2 
1 1 1 1 3 4 
1 1 1 1 5 5 
6 7 7 8 5 5 
9 7 7 10 11 0 

1 1 1 1 2 2 
1 1 1 1 2 2 
1 1 1 1 3 4 
1 1 1 1 5 5 
6 7 7 8 5 5 
9 7 7 10 0 0 

1 1 1 1 2 2 
1 1 1 1 2 2 
1 1 1 1 3 4 
1 1 1 1 5 5 
6 7 7 8 5 5 
9 7 7 0 0 0 

1 1 1 1 2 2 
1 1 1 1 2 2 
1 1 1 1 3 4 
1 1 1 1 5 5 
6 7 7 8 5 5 
0 7 7 0 0 0 

1 1 1 1 2 2 
1 1 1 1 2 2 
1 1 1 1 3 4 
1 1 1 1 5 5 
6 7 7 0 5 5 
0 7 7 0 0 0 

1 1 1 1 2 2 
1 1 1 1 2 2 
1 1 1 1 3 4 
1 1 1 1 5 5 
6 7 0 0 5 5 
0 0 0 0 0 0 

1 1 1 1 2 2 
1 1 1 1 2 2 
1 1 1 1 3 4 
1 1 1 1 5 5 
6 7 8 8 5 5 
0 0 8 8 0 0 

1 1 1 1 2 2 
1 1 1 1 2 2 
1 1 1 1 3 4 
1 1 1 1 5 5 
6 7 8 8 5 5 
9 0 8 8 0 0 

1 1 1 1 2 2 
1 1 1 1 2 2 
1 1 1 1 3 4 
1 1 1 1 5 5 
6 7 8 8 5 5 
9 10 8 8 0 0 

1 1 1 1 2 2 
1 1 1 1 2 2 
1 1 1 1 3 4 
1 1 1 1 5 5 
6 7 8 8 5 5 
9 10 8 8 11 0 

1 1 1 1 2 2 
1 1 1 1 2 2 
1 1 1 1 3 4 
1 1 1 1 5 5 
6 7 8 8 5 5 
9 10 8 8 11 12 

1 1 1 1 2 2 
1 1 1 1 2 2 
1 1 1 1 3 4 
1 1 1 1 5 5 
6 7 8 8 5 5 
9 10 8 8 11 12 

1 1 1 1 2 2 
1 1 1 1 2 2 
1 1 1 1 3 4 
1 1 1 1 5 5 
6 7 8 8 5 5 
9 10 8 8 11 0 

1 1 1 1 2 2 
1 1 1 1 2 2 
1 1 1 1 3 4 
1 1 1 1 5 5 
6 7 8 8 5 5 
9 10 8 8 0 0 

1 1 1 1 2 2 
1 1 1 1 2 2 
1 1 1 1 3 4 
1 1 1 1 5 5 
6 7 8 8 5 5 
9 0 8 8 0 0 

1 1 1 1 2 2 
1 1 1 1 2 2 
1 1 1 1 3 4 
1 1 1 1 5 5 
6 7 8 8 5 5 
0 0 8 8 0 0 

1 1 1 1 2 2 
1 1 1 1 2 2 
1 1 1 1 3 4 
1 1 1 1 5 5 
6 7 8 0 5 5 
0 0 0 0 0 0 

1 1 1 1 2 2 
1 1 1 1 2 2 
1 1 1 1 3 4 
1 1 1 1 5 5 
6 7 8 9 5 5 
0 0 0 0 0 0 

1 1 1 1 2 2 
1 1 1 1 2 2 
1 1 1 1 3 4 
1 1 1 1 5 5 
6 7 8 9 5 5 
10 0 0 0 0 0 

1 1 1 1 2 2 
1 1 1 1 2 2 
1 1 1 1 3 4 
1 1 1 1 5 5 
6 7 8 9 5 5 
10 11 0 0 0 0 

1 1 1 1 2 2 
1 1 1 1 2 2 
1 1 1 1 3 4 
1 1 1 1 5 5 
6 7 8 9 5 5 
10 11 12 0 0 0 

1 1 1 1 2 2 
1 1 1 1 2 2 
1 1 1 1 3 4 
1 1 1 1 5 5 
6 7 8 9 5 5 
10 11 12 13 0 0 

1 1 1 1 2 2 
1 1 1 1 2 2 
1 1 1 1 3 4 
1 1 1 1 5 5 
6 7 8 9 5 5 
10 11 12 13 14 0 

1 1 1 1 2 2 
1 1 1 1 2 2 
1 1 1 1 3 4 
1 1 1 1 5 5 
6 7 8 9 5 5 
10 11 12 13 14 15 

1 1 1 1 2 2 
1 1 1 1 2 2 
1 1 1 1 3 4 
1 1 1 1 5 5 
6 7 8 9 5 5 
10 11 12 13 14 15 

1 1 1 1 2 2 
1 1 1 1 2 2 
1 1 1 1 3 4 
1 1 1 1 5 5 
6 7 8 9 5 5 
10 11 12 13 14 0 

1 1 1 1 2 2 
1 1 1 1 2 2 
1 1 1 1 3 4 
1 1 1 1 5 5 
6 7 8 9 5 5 
10 11 12 13 0 0 

1 1 1 1 2 2 
1 1 1 1 2 2 
1 1 1 1 3 4 
1 1 1 1 5 5 
6 7 8 9 5 5 
10 11 12 0 0 0 

1 1 1 1 2 2 
1 1 1 1 2 2 
1 1 1 1 3 4 
1 1 1 1 5 5 
6 7 8 9 5 5 
10 11 0 0 0 0 

1 1 1 1 2 2 
1 1 1 1 2 2 
1 1 1 1 3 4 
1 1 1 1 5 5 
6 7 8 9 5 5 
10 0 0 0 0 0 

1 1 1 1 2 2 
1 1 1 1 2 2 
1 1 1 1 3 4 
1 1 1 1 5 5 
6 7 8 9 5 5 
0 0 0 0 0 0 

1 1 1 1 2 2 
1 1 1 1 2 2 
1 1 1 1 3 4 
1 1 1 1 5 5 
6 7 8 0 5 5 
0 0 0 0 0 0 

1 1 1 1 2 2 
1 1 1 1 2 2 
1 1 1 1 3 4 
1 1 1 1 5 5 
6 7 0 0 5 5 
0 0 0 0 0 0 

1 1 1 1 2 2 
1 1 1 1 2 2 
1 1 1 1 3 4 
1 1 1 1 5 5 
6 0 0 0 5 5 
0 0 0 0 0 0 

1 1 1 1 2 2 
1 1 1 1 2 2 
1 1 1 1 3 4 
1 1 1 1 5 5 
0 0 0 0 5 5 
0 0 0 0 0 0 

1 1 1 1 2 2 
1 1 1 1 2 2 
1 1 1 1 3 4 
1 1 1 1 5 0 
0 0 0 0 0 0 
0 0 0 0 0 0 

1 1 1 1 2 2 
1 1 1 1 2 2 
1 1 1 1 3 4 
1 1 1 1 5 6 
0 0 0 0 0 0 
0 0 0 0 0 0 

1 1 1 1 2 2 
1 1 1 1 2 2 
1 1 1 1 3 4 
1 1 1 1 5 6 
7 7 0 0 0 0 
7 7 0 0 0 0 

1 1 1 1 2 2 
1 1 1 1 2 2 
1 1 1 1 3 4 
1 1 1 1 5 6 
7 7 8 8 0 0 
7 7 8 8 0 0 

1 1 1 1 2 2 
1 1 1 1 2 2 
1 1 1 1 3 4 
1 1 1 1 5 6 
7 7 8 8 9 9 
7 7 8 8 9 9 

1 1 1 1 2 2 
1 1 1 1 2 2 
1 1 1 1 3 4 
1 1 1 1 5 6 
7 7 8 8 9 9 
7 7 8 8 9 9 

1 1 1 1 2 2 
1 1 1 1 2 2 
1 1 1 1 3 4 
1 1 1 1 5 6 
7 7 8 8 9 0 
7 7 8 8 0 0 

1 1 1 1 2 2 
1 1 1 1 2 2 
1 1 1 1 3 4 
1 1 1 1 5 6 
7 7 8 8 9 10 
7 7 8 8 0 0 

1 1 1 1 2 2 
1 1 1 1 2 2 
1 1 1 1 3 4 
1 1 1 1 5 6 
7 7 8 8 9 10 
7 7 8 8 11 0 

1 1 1 1 2 2 
1 1 1 1 2 2 
1 1 1 1 3 4 
1 1 1 1 5 6 
7 7 8 8 9 10 
7 7 8 8 11 12 

1 1 1 1 2 2 
1 1 1 1 2 2 
1 1 1 1 3 4 
1 1 1 1 5 6 
7 7 8 8 9 10 
7 7 8 8 11 12 

1 1 1 1 2 2 
1 1 1 1 2 2 
1 1 1 1 3 4 
1 1 1 1 5 6 
7 7 8 8 9 10 
7 7 8 8 11 0 

1 1 1 1 2 2 
1 1 1 1 2 2 
1 1 1 1 3 4 
1 1 1 1 5 6 
7 7 8 8 9 10 
7 7 8 8 0 0 

1 1 1 1 2 2 
1 1 1 1 2 2 
1 1 1 1 3 4 
1 1 1 1 5 6 
7 7 8 8 9 0 
7 7 8 8 0 0 

1 1 1 1 2 2 
1 1 1 1 2 2 
1 1 1 1 3 4 
1 1 1 1 5 6 
7 7 8 8 0 0 
7 7 8 8 0 0 

1 1 1 1 2 2 
1 1 1 1 2 2 
1 1 1 1 3 4 
1 1 1 1 5 6 
7 7 8 0 0 0 
7 7 0 0 0 0 

1 1 1 1 2 2 
1 1 1 1 2 2 
1 1 1 1 3 4 
1 1 1 1 5 6 
7 7 8 9 9 0 
7 7 0 9 9 0 

1 1 1 1 2 2 
1 1 1 1 2 2 
1 1 1 1 3 4 
1 1 1 1 5 6 
7 7 8 9 9 10 
7 7 0 9 9 0 

1 1 1 1 2 2 
1 1 1 1 2 2 
1 1 1 1 3 4 
1 1 1 1 5 6 
7 7 8 9 9 10 
7 7 11 9 9 0 

1 1 1 1 2 2 
1 1 1 1 2 2 
1 1 1 1 3 4 
1 1 1 1 5 6 
7 7 8 9 9 10 
7 7 11 9 9 12 

1 1 1 1 2 2 
1 1 1 1 2 2 
1 1 1 1 3 4 
1 1 1 1 5 6 
7 7 8 9 9 10 
7 7 11 9 9 12 

1 1 1 1 2 2 
1 1 1 1 2 2 
1 1 1 1 3 4 
1 1 1 1 5 6 
7 7 8 9 9 10 
7 7 11 9 9 0 

1 1 1 1 2 2 
1 1 1 1 2 2 
1 1 1 1 3 4 
1 1 1 1 5 6 
7 7 8 9 9 10 
7 7 0 9 9 0 

1 1 1 1 2 2 
1 1 1 1 2 2 
1 1 1 1 3 4 
1 1 1 1 5 6 
7 7 8 9 9 0 
7 7 0 9 9 0 

1 1 1 1 2 2 
1 1 1 1 2 2 
1 1 1 1 3 4 
1 1 1 1 5 6 
7 7 8 9 0 0 
7 7 0 0 0 0 

1 1 1 1 2 2 
1 1 1 1 2 2 
1 1 1 1 3 4 
1 1 1 1 5 6 
7 7 8 9 10 10 
7 7 0 0 10 10 

1 1 1 1 2 2 
1 1 1 1 2 2 
1 1 1 1 3 4 
1 1 1 1 5 6 
7 7 8 9 10 10 
7 7 11 0 10 10 

1 1 1 1 2 2 
1 1 1 1 2 2 
1 1 1 1 3 4 
1 1 1 1 5 6 
7 7 8 9 10 10 
7 7 11 12 10 10 

1 1 1 1 2 2 
1 1 1 1 2 2 
1 1 1 1 3 4 
1 1 1 1 5 6 
7 7 8 9 10 10 
7 7 11 12 10 10 

1 1 1 1 2 2 
1 1 1 1 2 2 
1 1 1 1 3 4 
1 1 1 1 5 6 
7 7 8 9 10 10 
7 7 11 0 10 10 

1 1 1 1 2 2 
1 1 1 1 2 2 
1 1 1 1 3 4 
1 1 1 1 5 6 
7 7 8 9 10 10 
7 7 0 0 10 10 

1 1 1 1 2 2 
1 1 1 1 2 2 
1 1 1 1 3 4 
1 1 1 1 5 6 
7 7 8 9 10 0 
7 7 0 0 0 0 

1 1 1 1 2 2 
1 1 1 1 2 2 
1 1 1 1 3 4 
1 1 1 1 5 6 
7 7 8 9 10 11 
7 7 0 0 0 0 

1 1 1 1 2 2 
1 1 1 1 2 2 
1 1 1 1 3 4 
1 1 1 1 5 6 
7 7 8 9 10 11 
7 7 12 0 0 0 

1 1 1 1 2 2 
1 1 1 1 2 2 
1 1 1 1 3 4 
1 1 1 1 5 6 
7 7 8 9 10 11 
7 7 12 13 0 0 

1 1 1 1 2 2 
1 1 1 1 2 2 
1 1 1 1 3 4 
1 1 1 1 5 6 
7 7 8 9 10 11 
7 7 12 13 14 0 

1 1 1 1 2 2 
1 1 1 1 2 2 
1 1 1 1 3 4 
1 1 1 1 5 6 
7 7 8 9 10 11 
7 7 12 13 14 15 

1 1 1 1 2 2 
1 1 1 1 2 2 
1 1 1 1 3 4 
1 1 1 1 5 6 
7 7 8 9 10 11 
7 7 12 13 14 15 

1 1 1 1 2 2 
1 1 1 1 2 2 
1 1 1 1 3 4 
1 1 1 1 5 6 
7 7 8 9 10 11 
7 7 12 13 14 0 

1 1 1 1 2 2 
1 1 1 1 2 2 
1 1 1 1 3 4 
1 1 1 1 5 6 
7 7 8 9 10 11 
7 7 12 13 0 0 

1 1 1 1 2 2 
1 1 1 1 2 2 
1 1 1 1 3 4 
1 1 1 1 5 6 
7 7 8 9 10 11 
7 7 12 0 0 0 

1 1 1 1 2 2 
1 1 1 1 2 2 
1 1 1 1 3 4 
1 1 1 1 5 6 
7 7 8 9 10 11 
7 7 0 0 0 0 

1 1 1 1 2 2 
1 1 1 1 2 2 
1 1 1 1 3 4 
1 1 1 1 5 6 
7 7 8 9 10 0 
7 7 0 0 0 0 

1 1 1 1 2 2 
1 1 1 1 2 2 
1 1 1 1 3 4 
1 1 1 1 5 6 
7 7 8 9 0 0 
7 7 0 0 0 0 

1 1 1 1 2 2 
1 1 1 1 2 2 
1 1 1 1 3 4 
1 1 1 1 5 6 
7 7 8 0 0 0 
7 7 0 0 0 0 

1 1 1 1 2 2 
1 1 1 1 2 2 
1 1 1 1 3 4 
1 1 1 1 5 6 
7 7 0 0 0 0 
7 7 0 0 0 0 

1 1 1 1 2 2 
1 1 1 1 2 2 
1 1 1 1 3 4 
1 1 1 1 5 6 
7 0 0 0 0 0 
0 0 0 0 0 0 

1 1 1 1 2 2 
1 1 1 1 2 2 
1 1 1 1 3 4 
1 1 1 1 5 6 
7 8 8 0 0 0 
0 8 8 0 0 0 

1 1 1 1 2 2 
1 1 1 1 2 2 
1 1 1 1 3 4 
1 1 1 1 5 6 
7 8 8 9 9 0 
0 8 8 9 9 0 

1 1 1 1 2 2 
1 1 1 1 2 2 
1 1 1 1 3 4 
1 1 1 1 5 6 
7 8 8 9 9 10 
0 8 8 9 9 0 

1 1 1 1 2 2 
1 1 1 1 2 2 
1 1 1 1 3 4 
1 1 1 1 5 6 
7 8 8 9 9 10 
11 8 8 9 9 0 

1 1 1 1 2 2 
1 1 1 1 2 2 
1 1 1 1 3 4 
1 1 1 1 5 6 
7 8 8 9 9 10 
11 8 8 9 9 12 

1 1 1 1 2 2 
1 1 1 1 2 2 
1 1 1 1 3 4 
1 1 1 1 5 6 
7 8 8 9 9 10 
11 8 8 9 9 12 

1 1 1 1 2 2 
1 1 1 1 2 2 
1 1 1 1 3 4 
1 1 1 1 5 6 
7 8 8 9 9 10 
11 8 8 9 9 0 

1 1 1 1 2 2 
1 1 1 1 2 2 
1 1 1 1 3 4 
1 1 1 1 5 6 
7 8 8 9 9 10 
0 8 8 9 9 0 

1 1 1 1 2 2 
1 1 1 1 2 2 
1 1 1 1 3 4 
1 1 1 1 5 6 
7 8 8 9 9 0 
0 8 8 9 9 0 

1 1 1 1 2 2 
1 1 1 1 2 2 
1 1 1 1 3 4 
1 1 1 1 5 6 
7 8 8 9 0 0 
0 8 8 0 0 0 

1 1 1 1 2 2 
1 1 1 1 2 2 
1 1 1 1 3 4 
1 1 1 1 5 6 
7 8 8 9 10 10 
0 8 8 0 10 10 

1 1 1 1 2 2 
1 1 1 1 2 2 
1 1 1 1 3 4 
1 1 1 1 5 6 
7 8 8 9 10 10 
11 8 8 0 10 10 

1 1 1 1 2 2 
1 1 1 1 2 2 
1 1 1 1 3 4 
1 1 1 1 5 6 
7 8 8 9 10 10 
11 8 8 12 10 10 

1 1 1 1 2 2 
1 1 1 1 2 2 
1 1 1 1 3 4 
1 1 1 1 5 6 
7 8 8 9 10 10 
11 8 8 12 10 10 

1 1 1 1 2 2 
1 1 1 1 2 2 
1 1 1 1 3 4 
1 1 1 1 5 6 
7 8 8 9 10 10 
11 8 8 0 10 10 

1 1 1 1 2 2 
1 1 1 1 2 2 
1 1 1 1 3 4 
1 1 1 1 5 6 
7 8 8 9 10 10 
0 8 8 0 10 10 

1 1 1 1 2 2 
1 1 1 1 2 2 
1 1 1 1 3 4 
1 1 1 1 5 6 
7 8 8 9 10 0 
0 8 8 0 0 0 

1 1 1 1 2 2 
1 1 1 1 2 2 
1 1 1 1 3 4 
1 1 1 1 5 6 
7 8 8 9 10 11 
0 8 8 0 0 0 

1 1 1 1 2 2 
1 1 1 1 2 2 
1 1 1 1 3 4 
1 1 1 1 5 6 
7 8 8 9 10 11 
12 8 8 0 0 0 

1 1 1 1 2 2 
1 1 1 1 2 2 
1 1 1 1 3 4 
1 1 1 1 5 6 
7 8 8 9 10 11 
12 8 8 13 0 0 

1 1 1 1 2 2 
1 1 1 1 2 2 
1 1 1 1 3 4 
1 1 1 1 5 6 
7 8 8 9 10 11 
12 8 8 13 14 0 

1 1 1 1 2 2 
1 1 1 1 2 2 
1 1 1 1 3 4 
1 1 1 1 5 6 
7 8 8 9 10 11 
12 8 8 13 14 15 

1 1 1 1 2 2 
1 1 1 1 2 2 
1 1 1 1 3 4 
1 1 1 1 5 6 
7 8 8 9 10 11 
12 8 8 13 14 15 

1 1 1 1 2 2 
1 1 1 1 2 2 
1 1 1 1 3 4 
1 1 1 1 5 6 
7 8 8 9 10 11 
12 8 8 13 14 0 

1 1 1 1 2 2 
1 1 1 1 2 2 
1 1 1 1 3 4 
1 1 1 1 5 6 
7 8 8 9 10 11 
12 8 8 13 0 0 

1 1 1 1 2 2 
1 1 1 1 2 2 
1 1 1 1 3 4 
1 1 1 1 5 6 
7 8 8 9 10 11 
12 8 8 0 0 0 

1 1 1 1 2 2 
1 1 1 1 2 2 
1 1 1 1 3 4 
1 1 1 1 5 6 
7 8 8 9 10 11 
0 8 8 0 0 0 

1 1 1 1 2 2 
1 1 1 1 2 2 
1 1 1 1 3 4 
1 1 1 1 5 6 
7 8 8 9 10 0 
0 8 8 0 0 0 

1 1 1 1 2 2 
1 1 1 1 2 2 
1 1 1 1 3 4 
1 1 1 1 5 6 
7 8 8 9 0 0 
0 8 8 0 0 0 

1 1 1 1 2 2 
1 1 1 1 2 2 
1 1 1 1 3 4 
1 1 1 1 5 6 
7 8 8 0 0 0 
0 8 8 0 0 0 

1 1 1 1 2 2 
1 1 1 1 2 2 
1 1 1 1 3 4 
1 1 1 1 5 6 
7 8 0 0 0 0 
0 0 0 0 0 0 

1 1 1 1 2 2 
1 1 1 1 2 2 
1 1 1 1 3 4 
1 1 1 1 5 6 
7 8 9 9 0 0 
0 0 9 9 0 0 

1 1 1 1 2 2 
1 1 1 1 2 2 
1 1 1 1 3 4 
1 1 1 1 5 6 
7 8 9 9 10 10 
0 0 9 9 10 10 

1 1 1 1 2 2 
1 1 1 1 2 2 
1 1 1 1 3 4 
1 1 1 1 5 6 
7 8 9 9 10 10 
11 0 9 9 10 10 

1 1 1 1 2 2 
1 1 1 1 2 2 
1 1 1 1 3 4 
1 1 1 1 5 6 
7 8 9 9 10 10 
11 12 9 9 10 10 

1 1 1 1 2 2 
1 1 1 1 2 2 
1 1 1 1 3 4 
1 1 1 1 5 6 
7 8 9 9 10 10 
11 12 9 9 10 10 

1 1 1 1 2 2 
1 1 1 1 2 2 
1 1 1 1 3 4 
1 1 1 1 5 6 
7 8 9 9 10 10 
11 0 9 9 10 10 

1 1 1 1 2 2 
1 1 1 1 2 2 
1 1 1 1 3 4 
1 1 1 1 5 6 
7 8 9 9 10 10 
0 0 9 9 10 10 

1 1 1 1 2 2 
1 1 1 1 2 2 
1 1 1 1 3 4 
1 1 1 1 5 6 
7 8 9 9 10 0 
0 0 9 9 0 0 

1 1 1 1 2 2 
1 1 1 1 2 2 
1 1 1 1 3 4 
1 1 1 1 5 6 
7 8 9 9 10 11 
0 0 9 9 0 0 

1 1 1 1 2 2 
1 1 1 1 2 2 
1 1 1 1 3 4 
1 1 1 1 5 6 
7 8 9 9 10 11 
12 0 9 9 0 0 

1 1 1 1 2 2 
1 1 1 1 2 2 
1 1 1 1 3 4 
1 1 1 1 5 6 
7 8 9 9 10 11 
12 13 9 9 0 0 

1 1 1 1 2 2 
1 1 1 1 2 2 
1 1 1 1 3 4 
1 1 1 1 5 6 
7 8 9 9 10 11 
12 13 9 9 14 0 

1 1 1 1 2 2 
1 1 1 1 2 2 
1 1 1 1 3 4 
1 1 1 1 5 6 
7 8 9 9 10 11 
12 13 9 9 14 15 

1 1 1 1 2 2 
1 1 1 1 2 2 
1 1 1 1 3 4 
1 1 1 1 5 6 
7 8 9 9 10 11 
12 13 9 9 14 15 

1 1 1 1 2 2 
1 1 1 1 2 2 
1 1 1 1 3 4 
1 1 1 1 5 6 
7 8 9 9 10 11 
12 13 9 9 14 0 

1 1 1 1 2 2 
1 1 1 1 2 2 
1 1 1 1 3 4 
1 1 1 1 5 6 
7 8 9 9 10 11 
12 13 9 9 0 0 

1 1 1 1 2 2 
1 1 1 1 2 2 
1 1 1 1 3 4 
1 1 1 1 5 6 
7 8 9 9 10 11 
12 0 9 9 0 0 

1 1 1 1 2 2 
1 1 1 1 2 2 
1 1 1 1 3 4 
1 1 1 1 5 6 
7 8 9 9 10 11 
0 0 9 9 0 0 

1 1 1 1 2 2 
1 1 1 1 2 2 
1 1 1 1 3 4 
1 1 1 1 5 6 
7 8 9 9 10 0 
0 0 9 9 0 0 

1 1 1 1 2 2 
1 1 1 1 2 2 
1 1 1 1 3 4 
1 1 1 1 5 6 
7 8 9 9 0 0 
0 0 9 9 0 0 

1 1 1 1 2 2 
1 1 1 1 2 2 
1 1 1 1 3 4 
1 1 1 1 5 6 
7 8 9 0 0 0 
0 0 0 0 0 0 

1 1 1 1 2 2 
1 1 1 1 2 2 
1 1 1 1 3 4 
1 1 1 1 5 6 
7 8 9 10 10 0 
0 0 0 10 10 0 

1 1 1 1 2 2 
1 1 1 1 2 2 
1 1 1 1 3 4 
1 1 1 1 5 6 
7 8 9 10 10 11 
0 0 0 10 10 0 

1 1 1 1 2 2 
1 1 1 1 2 2 
1 1 1 1 3 4 
1 1 1 1 5 6 
7 8 9 10 10 11 
12 0 0 10 10 0 

1 1 1 1 2 2 
1 1 1 1 2 2 
1 1 1 1 3 4 
1 1 1 1 5 6 
7 8 9 10 10 11 
12 13 0 10 10 0 

1 1 1 1 2 2 
1 1 1 1 2 2 
1 1 1 1 3 4 
1 1 1 1 5 6 
7 8 9 10 10 11 
12 13 14 10 10 0 

1 1 1 1 2 2 
1 1 1 1 2 2 
1 1 1 1 3 4 
1 1 1 1 5 6 
7 8 9 10 10 11 
12 13 14 10 10 15 

1 1 1 1 2 2 
1 1 1 1 2 2 
1 1 1 1 3 4 
1 1 1 1 5 6 
7 8 9 10 10 11 
12 13 14 10 10 15 

1 1 1 1 2 2 
1 1 1 1 2 2 
1 1 1 1 3 4 
1 1 1 1 5 6 
7 8 9 10 10 11 
12 13 14 10 10 0 

1 1 1 1 2 2 
1 1 1 1 2 2 
1 1 1 1 3 4 
1 1 1 1 5 6 
7 8 9 10 10 11 
12 13 0 10 10 0 

1 1 1 1 2 2 
1 1 1 1 2 2 
1 1 1 1 3 4 
1 1 1 1 5 6 
7 8 9 10 10 11 
12 0 0 10 10 0 

1 1 1 1 2 2 
1 1 1 1 2 2 
1 1 1 1 3 4 
1 1 1 1 5 6 
7 8 9 10 10 11 
0 0 0 10 10 0 

1 1 1 1 2 2 
1 1 1 1 2 2 
1 1 1 1 3 4 
1 1 1 1 5 6 
7 8 9 10 10 0 
0 0 0 10 10 0 

1 1 1 1 2 2 
1 1 1 1 2 2 
1 1 1 1 3 4 
1 1 1 1 5 6 
7 8 9 10 0 0 
0 0 0 0 0 0 

1 1 1 1 2 2 
1 1 1 1 2 2 
1 1 1 1 3 4 
1 1 1 1 5 6 
7 8 9 10 11 11 
0 0 0 0 11 11 

1 1 1 1 2 2 
1 1 1 1 2 2 
1 1 1 1 3 4 
1 1 1 1 5 6 
7 8 9 10 11 11 
12 0 0 0 11 11 

1 1 1 1 2 2 
1 1 1 1 2 2 
1 1 1 1 3 4 
1 1 1 1 5 6 
7 8 9 10 11 11 
12 13 0 0 11 11 

1 1 1 1 2 2 
1 1 1 1 2 2 
1 1 1 1 3 4 
1 1 1 1 5 6 
7 8 9 10 11 11 
12 13 14 0 11 11 

1 1 1 1 2 2 
1 1 1 1 2 2 
1 1 1 1 3 4 
1 1 1 1 5 6 
7 8 9 10 11 11 
12 13 14 15 11 11 

1 1 1 1 2 2 
1 1 1 1 2 2 
1 1 1 1 3 4 
1 1 1 1 5 6 
7 8 9 10 11 11 
12 13 14 15 11 11 

1 1 1 1 2 2 
1 1 1 1 2 2 
1 1 1 1 3 4 
1 1 1 1 5 6 
7 8 9 10 11 11 
12 13 14 0 11 11 

1 1 1 1 2 2 
1 1 1 1 2 2 
1 1 1 1 3 4 
1 1 1 1 5 6 
7 8 9 10 11 11 
12 13 0 0 11 11 

1 1 1 1 2 2 
1 1 1 1 2 2 
1 1 1 1 3 4 
1 1 1 1 5 6 
7 8 9 10 11 11 
12 0 0 0 11 11 

1 1 1 1 2 2 
1 1 1 1 2 2 
1 1 1 1 3 4 
1 1 1 1 5 6 
7 8 9 10 11 11 
0 0 0 0 11 11 

1 1 1 1 2 2 
1 1 1 1 2 2 
1 1 1 1 3 4 
1 1 1 1 5 6 
7 8 9 10 11 0 
0 0 0 0 0 0 

1 1 1 1 2 2 
1 1 1 1 2 2 
1 1 1 1 3 4 
1 1 1 1 5 6 
7 8 9 10 11 12 
0 0 0 0 0 0 

1 1 1 1 2 2 
1 1 1 1 2 2 
1 1 1 1 3 4 
1 1 1 1 5 6 
7 8 9 10 11 12 
13 0 0 0 0 0 

1 1 1 1 2 2 
1 1 1 1 2 2 
1 1 1 1 3 4 
1 1 1 1 5 6 
7 8 9 10 11 12 
13 14 0 0 0 0 

1 1 1 1 2 2 
1 1 1 1 2 2 
1 1 1 1 3 4 
1 1 1 1 5 6 
7 8 9 10 11 12 
13 14 15 0 0 0 

1 1 1 1 2 2 
1 1 1 1 2 2 
1 1 1 1 3 4 
1 1 1 1 5 6 
7 8 9 10 11 12 
13 14 15 16 0 0 

1 1 1 1 2 2 
1 1 1 1 2 2 
1 1 1 1 3 4 
1 1 1 1 5 6 
7 8 9 10 11 12 
13 14 15 16 17 0 

1 1 1 1 2 2 
1 1 1 1 2 2 
1 1 1 1 3 4 
1 1 1 1 5 6 
7 8 9 10 11 12 
13 14 15 16 17 18 

